tester
61701
91401
70350
70611
70161
70701
90141
90303
90501
53
62
71
534
552
633
642
5551
5623
5641
6352
6451
6622
6631
7333
7342
7423
7441
7522
7531
5560
561
723
741
8223
8313
5660
5714
9123
5713
6712
8233
8413
8512
92233
92413
93133
57162
58134
58152
9124
9151
67223
67241
67313
73352
73451
73622
73631
74252
74612
75251
77222
77231
77312
55550
55613
56252
56612
57233
57242
57413
57512
63551
63623
63641
64613
66251
83333
83342
83423
83441
83522
83531
84233
84512
85223
85241
85313
86222
86231
86312
58133
58142
66161
68123
68141
72461
72722
72731
75161
78122
78131
92333
92342
92423
92441
92522
92531
94133
94142
95123
95141
96122
96131
728123
81362
81461
81722
81731
91334
91352
91424
91451
91622
91631
818123
571731
6716161
566151
575151
577131
733551
747141
736251
4567123
5561551
6357142
6366151
6374152
6461641
44557133
56262525
56716151
8441841481441
64
73
82
91
a0
645
663
744
753
672
834
852
933
942
6771
6825
6861
6915
6662
6734
6752
7463
7562
7733
7742
8444
8453
8534
8552
8633
8642
66661
66724
66751
67363
67561
67723
67741
68344
68353
68524
68551
68623
68641
6671
6824
6851
7571
7823
7841
9344
9353
9524
9551
9623
9641
7922
7931
66815
68273
68813
69245
69263
69515
69713
8912
9281
668174
669155
669164
74662
74734
74752
75661
75724
75751
77362
77461
77731
78334
78352
78424
78451
78631
84463
84562
84733
85363
85561
85723
85741
86362
86461
86731
88333
94444
66670
66814
66850
67570
67813
67840
66814
69244
69253
69514
69550
69613
75670
75814
75850
77272
77470
77812
77830
79234
79252
79414
79450
79612
79630
83572
83833
85570
85813
85840
86272
86470
86812
86830
89233
89413
89440
89512
89530
77911
83923
83941
84913
84940
86911
66805
68173
69145
69163
69505
69703
75805
78172
78802
79135
79162
79405
79702
92473
92572
92833
95173
95803
96172
96802
99133
99403
99502
78181
78901
92923
92941
94903
96181
96901
79180
68074
69055
81772
81835
81862
88072
89035
89062
91474
91672
91834
91852
91681
91924
746625
747741
773355
774714
777711
824466
6777161
7572752
7748144
8448641
8577161
8648144
9494414
9595151
9552752
9558152
9597122
9952712
a572722
a772711
55668244
55668514
67891234
95851714
b4a33333
567891234
685716714
747771714
758517741
774717741
855815661
b5b515151
b444b333444
66671668144
d1517191b1
757173
777171
935373
847182
7266716
83571637
85716814

70350
70611
70161
70701
90141
90303
90501
53
62
71
534
552
633
642
5551
5623
5641
6352
6451
6622
6631
7333
7342
7423
7441
7522
7531
5560
561
723
741
8223
8313
5660
5714
9123
5713
6712
8233
8413
8512
92233
92413
93133
57162
58134
58152
9124
9151
67223
67241
67313
73352
73451
73622
73631
74252
74612
75251
77222
77231
77312
55550
55613
56252
56612
57233
57242
57413
57512
63551
63623
63641
64613
66251
83333
83342
83423
83441
83522
83531
84233
84512
85223
85241
85313
86222
86231
86312
58133
58142
66161
68123
68141
72461
72722
72731
75161
78122
78131
92333
92342
92423
92441
92522
92531
94133
94142
95123
95141
96122
96131
728123
81362
81461
81722
81731
91334
91352
91424
91451
91622
91631
818123
571731
6716161
566151
575151
577131
733551
747141
736251
4567123
5561551
6357142
6366151
6374152
6461641
44557133
56262525
56716151
8441841481441
64
73
82
91
a0
645
663
744
753
672
834
852
933
942
6771
6825
6861
6915
6662
6734
6752
7463
7562
7733
7742
8444
8453
8534
8552
8633
8642
66661
66724
66751
67363
67561
67723
67741
68344
68353
68524
68551
68623
68641
6671
6824
6851
7571
7823
7841
9344
9353
9524
9551
9623
9641
7922
7931
66815
68273
68813
69245
69263
69515
69713
8912
9281
668174
669155
669164
74662
74734
74752
75661
75724
75751
77362
77461
77731
78334
78352
78424
78451
78631
84463
84562
84733
85363
85561
85723
85741
86362
86461
86731
88333
94444
66670
66814
66850
67570
67813
67840
66814
69244
69253
69514
69550
69613
75670
75814
75850
77272
77470
77812
77830
79234
79252
79414
79450
79612
79630
83572
83833
85570
85813
85840
86272
86470
86812
86830
89233
89413
89440
89512
89530
77911
83923
83941
84913
84940
86911
66805
68173
69145
69163
69505
69703
75805
78172
78802
79135
79162
79405
79702
92473
92572
92833
95173
95803
96172
96802
99133
99403
99502
78181
78901
92923
92941
94903
96181
96901
79180
68074
69055
81772
81835
81862
88072
89035
89062
91474
91672
91834
91852
91681
91924
746625
747741
773355
774714
777711
824466
6777161
7572752
7748144
8448641
8577161
8648144
9494414
9595151
9552752
9558152
9597122
9952712
a572722
a772711
55668244
55668514
67891234
95851714
b4a33333
567891234
685716714
747771714
758517741
774717741
855815661
b5b515151
b444b333444
66671668144
d1517191b1
757173
777171
935373
847182
7266716
83571637
85716814
34030
35011
35020
41131
41401
45001
51112
31
40
51130
51400
52030
55000
61111
61120
61201
312
330
411
420
501
600
61300
62011
62020
63001
64000
50140
50500
70111
70120
70201
70300
80011
80020
90001
3401
4112
4130
4400
5111
5120
5201
5300
6011
6020
7001
340401
350130
350400
360111
360120
360201
360300
414030
415011
415020
450030
460011
460020
511401
515001
520401
560001
611130
611400
612030
615000
620130
620400
630030
660000
711111
711120
711201
711300
712011
712020
713001
714000
720111
720120
720201
720300
730011
730020
740001
750000
506001
601500
606000
801111
801120
801201
801300
802011
802020
803001
804000
900111
900120
900201
900300
3401411
3405011
3601400
3701111
3703001
4160111
5111411
7111130
7700000
8111111
8140001
8500001
91111111
91113001
91140001
414050130
5070011
6011501
6016001
7011140
7030040
7070000
9030011
7007000
70111501
507006000
701170011
42
51
60
4440
4512
4530
5241
5340
5511
5520
423
441
522
531
450
4440
4512
4530
5241
5340
5511
5520
6222
6231
6312
6330
6411
7131
7401
612
630
711
603
801
5700
8130
9111
9300
6051
7041
8013
8040
34512
45141
45501
46131
46302
46401
52440
52512
52530
55140
55203
56130
63141
63501
64203
66111
72330
73131
74130
51630
55050
57030
61251
61350
61611
81312
81330
83031
84012
84030
470251
470350
470611
70161
70701
90141
90303
90501
451512
461241
461511
471231
471312
525141
526122
526131
622512
631512
722241
723141
731241
615600
713151
913131
4516131
6316131
453053403
6316166001
451640164500
564006415041
714014714700
741701740041
7330730370330
5505051
6161601
7141404
71701701
6050505